ebl,ibl,"(4,(1,(2,3)));","(4,(2,(1,3)));","(4,(3,(1,2)));"
10,0.02,0.22201197381890372,0.2186617861463536,0.5593262400347427
10,0.03,0.2189879269088536,0.21527626713073744,0.565735805960409
10,0.04,0.14676958866448134,0.14608226710373268,0.7071481442317858
10,0.06,0.22496625506174076,0.22401639754036892,0.5510173473978903
10,0.07,0.14563333333333334,0.14800000000000002,0.7063666666666667
10,0.08,0.23489892627916745,0.22755083678243654,0.537550236938396
10,0.09,0.14812248856865734,0.13975336012193432,0.7121241513094083
10,0.11,0.23054427687548334,0.2261697602474865,0.5432859628770301
10,0.12,0.14405510631925728,0.1390454409322334,0.7168994527485093
10,0.13,0.12113155047147935,0.11816354923481218,0.7607049002937084
10,0.14,0.3350481247925656,0.3264188516428809,0.3385330235645536
10,0.15,0.21367945717190345,0.20798165354516868,0.5783388892829279
10,0.16,0.18953430736186186,0.18165081313286285,0.6288148795052754
10,0.17,0.2538233843117908,0.25305596667214825,0.493120649016061
10,0.18,0.03183962264150944,0.021226415094339618,0.9469339622641508
10,0.2,0.1958574232217684,0.19545960855036332,0.6086829682278683
10,0.25,0.2071528100325128,0.20829611633141595,0.5845510736360713
10,0.5,0.1925018934612472,0.1935117394597324,0.6139863670790204
10,0.75,0.28620903254871044,0.2805214551188197,0.43326951233246985
10,1.0,0.1765543185399827,0.17192821920593768,0.6515174622540796
10,1.25,0.2749050467939329,0.2683886502991336,0.4567063029069334
10,1.5,0.21099744245524296,0.20728176422332675,0.5817207933214303
10,1.75,0.2247567617894884,0.22365501295718695,0.5515882252533246
10,2.25,0.20707791050098054,0.1937065430558032,0.5992155464432163
10,2.5,0.2325914307765081,0.22498568476610156,0.5424228844573904
10,2.75,0.2549487068342725,0.2485190001444878,0.4965322930212397
10,3.0,0.16351354988024436,0.1620334239349821,0.6744530261847735
10,3.25,0.2084610062271424,0.20717604032816053,0.584362953444697
10,3.75,0.33230926779313874,0.3261648745519713,0.3415258576548899
10,4.0,0.19588182632050136,0.198985377499254,0.6051327961802447
10,4.5,0.2349967804249839,0.2346748229233741,0.530328396651642
10,5.5,0.27055386971441536,0.269249312271348,0.4601968180142367
10,6.0,0.2570987329332069,0.25285177775437856,0.4900494893124144
10,6.5,0.05387818844351901,0.04711087975013014,0.8990109318063508
10,7.0,0.2387257724045289,0.2354634427173287,0.5258107848781424
10,7.5,0.1961699824062796,0.1955271349303018,0.6083028826634186
10,8.0,0.2992284311433248,0.29233107318213697,0.4084404956745382
10,9.0,0.043306204733816175,0.040095572313895315,0.9165982229522884
10,10.5,0.19827272727272727,0.19165454545454547,0.6100727272727273
10,11.5,0.2674960174139336,0.2621696885678499,0.4703342940182165
10,12.5,0.33424735249621784,0.3264939485627837,0.3392586989409985
10,13.0,0.2054,0.20065999999999998,0.5939399999999999
10,13.5,0.26855999999999997,0.26798,0.46346000000000004
10,14.0,0.2071090909090909,0.20421818181818185,0.5886727272727272
10,14.5,0.15921666666666667,0.15628333333333333,0.6845
10,15.5,0.1319,0.1252,0.7429
10,16.0,0.3164,0.3138,0.3698
10,16.5,0.3371,0.3327,0.3302
10,17.0,0.3405,0.3338,0.3257
10,17.5,0.3352,0.3356,0.3292
10,18.0,0.33299999999999996,0.3288,0.3382
10,18.5,0.3298,0.3333,0.3369
10,19.0,0.2757,0.2771,0.4472
10,20.0,0.1992,0.1985,0.6023
20,0.01,0.0017985611510791368,0.0009992006394884093,0.9972022382094324
20,0.02,0.2257897059205233,0.21847016378124431,0.5557401302982324
20,0.03,0.22438338508407052,0.2182318823598336,0.5573847325560959
20,0.04,0.0118,0.012,0.9762
20,0.06,0.004132231404958678,0.004722550177095631,0.9911452184179456
20,0.07,0.3370329842113491,0.3301547600437705,0.33281225574488044
20,0.08,0.2570466181622204,0.2499595796281326,0.492993802209647
20,0.09,0.32708403080013393,0.3067737975672358,0.3661421716326303
20,0.11,0.3202,0.325,0.3548
20,0.12,0.2846870653685675,0.2828372739916551,0.4324756606397775
20,0.13,0.2012483281319661,0.18894337940258585,0.6098082924654481
20,0.14,0.1979247020180656,0.1963819145494812,0.6056933834324533
20,0.16,0.1986299422983997,0.19433785281828256,0.6070322048833177
20,0.17,0.21253596024758087,0.2110975503443466,0.5763664894080726
20,0.18,0.2266538369016117,0.2245489535722877,0.5487972095261006
20,0.19,0.24465545306565384,0.2422409115572436,0.5131036353771026
20,0.25,0.2683622262773723,0.2728102189781022,0.4588275547445255
20,0.5,0.2153484354002688,0.20488577462084853,0.5797657899788827
20,1.0,0.20976154992548435,0.20437349535710192,0.5858649547174137
20,1.5,0.14256223436551305,0.13721918639951428,0.7202185792349727
20,2.0,0.22273256566179325,0.21872169750291112,0.5585457368352956
20,2.5,0.2426963089639447,0.2353569901667379,0.5219467008693174
20,3.0,0.1730173457673497,0.1727500039314976,0.6542326503011527
20,3.5,0.066688567674113,0.0661957950065703,0.8671156373193167
20,4.0,0.1405500184569952,0.14461055740125509,0.7148394241417497
20,4.5,0.2519188016091467,0.2476577387253864,0.5004234596654669
20,5.0,0.18352906556806933,0.1772156978143977,0.6392552366175329
20,5.5,0.2618914082739097,0.2498197259834949,0.4882888657425954
20,6.0,0.17472803763909284,0.16748400587488488,0.6577879564860223
20,6.5,0.25913087164029136,0.2543330821401658,0.4865360462195428
20,7.0,0.1838804618519357,0.1819334389857369,0.6341860991623274
20,7.5,0.2334846192637418,0.2191965036140528,0.5473188771222054
20,8.0,0.18450194324655272,0.17664909758824468,0.6388489591652026
20,9.0,0.11673333333333333,0.11473333333333335,0.7685333333333333
20,9.5,0.2099308716911145,0.205209914011128,0.5848592142977576
20,10.0,0.17391304347826084,0.10434782608695653,0.7217391304347827
20,10.5,0.3376,0.3306,0.3318
20,12.0,0.0569,0.0567,0.8864
30,0.01,0.2396821535717181,0.2360604340657856,0.5242574123624962
30,0.02,0.3045356371490281,0.2943364530837533,0.4011279097672186
30,0.03,0.011654615057422374,0.01233517652062952,0.976010208421948
30,0.04,0.32887367766023645,0.3235843186060983,0.34754200373366523
30,0.05,0.2604381625441696,0.24514487632508836,0.4944169611307421
30,0.06,0.060830443340519263,0.06026806636048365,0.8789014902989971
30,0.08,0.2393131165509682,0.2319327731092437,0.5287541103397881
30,0.09,0.1909275558564658,0.18220115850447605,0.6268712856390581
30,0.1,0.2751984126984127,0.271453373015873,0.4533482142857143
30,0.11,0.16739998988519697,0.1621150053102716,0.6704850048045314
30,0.12,0.16048797820679853,0.17505625962335666,0.6644557621698448
30,0.13,0.28244881733253824,0.2784734645199761,0.4390777181474856
30,0.14,0.23143817597193805,0.21945337620578775,0.5491084478222742
30,0.15,0.19119780435208786,0.1849637326014507,0.6238384630464615
30,0.16,0.33586666666666665,0.3274,0.3367333333333333
30,0.17,0.0007163323782234957,0.0017908309455587394,0.9974928366762178
30,0.18,0.0,0.001358695652173913,0.9986413043478259
30,0.19,0.3056,0.2902,0.4042
30,0.2,0.2454224307634226,0.2371706711970445,0.517406898039533
30,0.25,0.300439312162671,0.30028869084975524,0.39927199698757376
30,0.5,0.16309402291028693,0.16368946353635022,0.6732165135533629
30,1.0,0.19982314011866728,0.20136353263350068,0.5988133272478321
30,2.0,0.12964124435524335,0.13293401906673358,0.7374247365780231
30,2.5,0.17529646057753234,0.16683262424187562,0.657870915180592
30,3.0,0.2493299429592468,0.23716583052711154,0.5135042265136417
30,3.5,0.3014369909277531,0.2968346467121383,0.4017283623601086
30,4.5,0.2962,0.29064,0.41316
30,5.0,0.2704213519451984,0.26539679462323895,0.4641818534315626
30,5.5,0.21360425159541546,0.20873796768616734,0.5776577807184172
30,6.0,0.3216783216783217,0.2699300699300699,0.4083916083916084
30,6.5,0.2736354671354457,0.26398833769240665,0.4623761951721477
30,7.0,0.2498533724340176,0.24522645812968394,0.5049201694362985
30,7.5,0.19482054998283688,0.18620084671421488,0.6189786033029483
30,8.0,0.0,0.0,1.0
30,8.5,0.3062674848840357,0.30414673765905603,0.3895857774569082
30,9.0,0.21115599751398384,0.2068276658083992,0.5820163366776171
30,9.5,0.27657699248751416,0.2706173668527301,0.4528056406597558
30,10.0,0.2498411612335663,0.2423635208445335,0.5077953179219002
30,11.0,0.15905999999999998,0.1548,0.68614
30,11.5,0.3323,0.3322,0.3355
30,12.0,0.15021666666666667,0.14496666666666666,0.7048166666666666
40,0.01,0.22462588605933315,0.21436072459963249,0.5610133893410344
40,0.03,0.2934120854157201,0.2856156292594275,0.4209722853248523
40,0.08,0.2149962321024868,0.21266013564431047,0.5723436322532027
40,0.09,0.3254,0.3204,0.3542
40,0.1,0.0029171528588098016,0.005250875145857643,0.9918319719953326
40,0.11,0.1377961312758096,0.13605737883068894,0.7261464898935014
40,0.13,0.00578168362627197,0.00786308973172988,0.9863552266419982
40,0.14,0.16734766388346065,0.16475395274471488,0.6678983833718245
40,0.16,0.20877338083725666,0.20085252576663695,0.5903740933961064
40,0.18,0.1894049699087556,0.18377499514657347,0.626820034944671
40,0.2,0.16656550490368335,0.15675813819761686,0.6766763568986998
40,0.5,0.2182390856103778,0.209893981458932,0.5718669329306901
40,1.0,0.26232992215112383,0.2518191688419691,0.4858509090069071
40,1.5,0.31498893805309736,0.29867256637168144,0.3863384955752213
40,2.5,0.17617891115158876,0.1649463671321595,0.6588747217162517
40,3.0,0.15735723902406987,0.15335106557646208,0.689291695399468
40,3.5,0.2668299319727891,0.25798639455782313,0.4751836734693878
40,4.0,0.1733285682867825,0.1727787552232241,0.6538926764899934
40,6.0,0.09114545454545454,0.0918181818181818,0.8170363636363637
40,7.0,0.25123026353289885,0.24660371264083905,0.5021660238262621
40,7.5,0.3321333333333333,0.3348,0.3330666666666667
40,8.5,0.31577252527854704,0.3045662394538546,0.3796612352675984
40,9.0,0.17692727272727274,0.17574545454545454,0.6473272727272728
40,10.0,0.20296666666666666,0.19692222222222225,0.6001111111111112
40,10.5,0.2853090909090909,0.2764,0.43829090909090906
40,12.0,0.15351752860608406,0.15197183400957473,0.6945106373843413
40,13.0,0.17887999999999998,0.17538,0.64574
40,14.0,0.2201142857142857,0.2186,0.5612857142857143
40,14.5,0.23764000000000002,0.23915999999999998,0.5232
50,0.01,0.3316,0.3186,0.3498
50,0.02,0.2579035222310273,0.2539749447807247,0.488121532988248
50,0.03,0.17900750532093648,0.18049176655091292,0.6405007281281505
50,0.04,0.265811320754717,0.2639496855345912,0.4702389937106918
50,0.05,0.2990285714285714,0.2950857142857143,0.4058857142857143
50,0.06,0.24885324250830884,0.2482214958661796,0.5029252616255115
50,0.07,0.19449241988102087,0.19012665515256189,0.6153809249664172
50,0.08,0.3207111718950338,0.31635182494230274,0.3629370031626635
50,0.09,0.13352502471021654,0.13247671249288645,0.733998262796897
50,0.1,0.2662241243776749,0.2680583457070487,0.4657175299152764
50,0.11,0.2043060925209972,0.20503932808958805,0.5906545793894148
50,0.12,0.281625,0.290875,0.4275
50,0.14,0.17029192902117918,0.17210456019843542,0.6576035107803854
50,0.15,0.3104026124693851,0.3016156060671164,0.3879817814634985
50,0.16,0.2874544249254226,0.27858800132582034,0.43395757374875693
50,0.175,0.19964,0.19508,0.60528
50,0.18,0.2861433889891697,0.27895137635379064,0.4349052346570397
50,0.2,0.28959025470653377,0.27617817152700874,0.4342315737664575
50,0.5,0.2482,0.25085,0.50095
50,1.5,0.24486446037608325,0.2373572790692061,0.5177782605547107
50,2.0,0.2418966899553316,0.2374069407857061,0.5206963692589623
50,2.5,0.07389065947536161,0.07737190487864673,0.8487374356459917
50,3.0,0.16166936790923825,0.15734737979470556,0.6809832522960562
50,3.5,0.18695570452979135,0.1760541319466199,0.6369901635235887
50,4.0,0.2358100700008434,0.2325770993224818,0.5316128306766749
50,5.5,0.018666666666666668,0.017066666666666667,0.9642666666666668
50,6.0,0.27461287754764874,0.26917589101996064,0.4562112314323906
50,6.5,0.14375026224142995,0.14330969663911386,0.7129400411194562
50,7.5,0.21885,0.2145,0.56665
50,8.0,0.2716181818181818,0.2638727272727273,0.4645090909090909
50,9.5,0.1756210283073368,0.17208816602230814,0.6522908056703549
50,10.0,0.3028833333333333,0.2977166666666667,0.3994
50,11.0,0.15965,0.1555,0.68485
50,11.5,0.12653333333333333,0.11846666666666665,0.755
50,12.0,0.2083090909090909,0.20563636363636364,0.5860545454545455
50,12.5,0.25932,0.25644,0.48423999999999995
50,13.0,0.2183090909090909,0.21414545454545456,0.5675454545454546
50,14.0,0.2203689167974882,0.2124869178440607,0.5671441653584511
60,0.01,0.15637142857142858,0.15445714285714285,0.6891714285714285
60,0.03,0.1049063823971573,0.1038950389503895,0.7911985786524532
60,0.04,0.21912523398621195,0.2143770259781765,0.5664977400356116
60,0.06,0.2554,0.2698,0.4748
60,0.07,0.340788699234844,0.32489699823425544,0.3343143025309005
60,0.08,0.3251827879659595,0.3067241999280834,0.3680930121059571
60,0.09,0.264408615088437,0.2671760317651305,0.4684153531464325
60,0.1,0.18014872292272874,0.1722276107339153,0.6476236663433559
60,0.11,0.14306874618802826,0.13609828352356887,0.7208329702884029
60,0.12,0.2503265534614667,0.24230266840828515,0.5073707781302482
60,0.13,0.2217878087791008,0.21443042473787094,0.5637817664830282
60,0.14,0.2524931224209078,0.2531378954607978,0.4943689821182944
60,0.15,0.19613333333333333,0.1864,0.6174666666666667
60,0.16,0.09266614653521528,0.08919072274629407,0.8181431307184907
60,0.17,0.23559702782097805,0.2348021427337135,0.5296008294453084
60,0.18,0.20956156299365145,0.20312360287323772,0.5873148341331108
60,0.19,0.14509331727874775,0.15171583383503914,0.7031908488862131
60,0.2,0.26488955707181683,0.26733741952893103,0.4677730233992522
60,0.25,0.23319013370661776,0.2250808514746344,0.5417290148187479
60,0.5,0.3100558659217877,0.3042830540037244,0.3856610800744879
60,1.0,0.2834779913205208,0.287197768133912,0.4293242405455673
60,1.5,0.1701847422966275,0.1626980000693217,0.6671172576340508
60,2.0,0.20604828129099967,0.20230910522172654,0.5916426134872736
60,2.5,0.18186666034650295,0.17731614248809044,0.6408171971654066
60,3.5,0.2581018965583839,0.25890017639409274,0.4829979270475234
60,4.0,0.19174476150363276,0.18753290512793516,0.6207223333684322
60,4.5,0.33012343517464765,0.3202311126674254,0.34964545215792703
60,5.5,0.3190921228304406,0.30830851391599057,0.3725993632535689
60,6.0,0.2187388636867096,0.21399058048484496,0.5672705558284454
60,6.5,0.28502016868353497,0.2742574257425743,0.4407224055738907
60,7.0,0.0034705007436787306,0.0014873574615765991,0.9950421417947448
60,7.5,0.2333100558659218,0.2314245810055866,0.5352653631284916
60,8.0,0.2719597043049717,0.2643136686476301,0.4637266270473982
60,8.5,0.277940560904144,0.28547509418166594,0.43658434491419
60,9.0,0.2518228069606922,0.2441589163615153,0.5040182766777925
60,9.5,0.19489559164733175,0.1952270467351674,0.6098773616175008
60,10.5,0.20859745148519132,0.20874889124461848,0.5826536572701901
60,11.0,0.20987589673770748,0.2043252866942452,0.5857988165680473
60,11.5,0.08196000878927708,0.07800483410239507,0.8400351571083279
60,12.0,0.25939912256344755,0.2569000944077303,0.4837007830288221
60,13.5,0.2394288090946901,0.2277138499930681,0.5328573409122418
60,14.0,0.1059689010474989,0.10363010106450836,0.7904009978879928
60,14.5,0.2611787787133165,0.25412817787950626,0.4846930434071773
60,16.0,0.1952298991885911,0.17998524711089256,0.6247848537005164
60,16.5,0.315,0.2992,0.3858
60,17.0,0.12969841969401247,0.12233205313857586,0.7479695271674117
60,17.5,0.1728,0.168,0.6592
60,18.0,0.2274725274725275,0.2222144943663931,0.5503129781610794
60,18.5,0.242325549164992,0.2339408218418682,0.5237336289931398
60,19.0,0.14432686654908874,0.14564961787184008,0.7100235155790712
60,19.5,0.14725135758387264,0.1486461355352228,0.7041025068809046
60,20.0,0.2744748189213875,0.27305167909258904,0.4524735019860235
70,0.02,0.16530637105615786,0.14922645876477034,0.6854671701790718
70,0.04,0.33258492776259274,0.3196993361967981,0.3477157360406091
70,0.06,0.1900193923723336,0.18461538461538465,0.6253652230122818
70,0.08,0.2392528541096101,0.2358371541988491,0.5249099916915407
70,0.1,0.28981920491845986,0.2826030323555463,0.42757776272599385
70,0.12,0.2334,0.2162,0.5504
70,0.14,0.159928332164836,0.15598140790942847,0.6840902599257355
70,0.16,0.0904341335987063,0.0880706555541734,0.8214952108471203
70,0.18,0.337,0.3258,0.3372
70,0.2,0.319795062878435,0.312156497438286,0.36804843968327905
70,0.5,0.2270104824074325,0.2277147268344213,0.5452747907581462
70,1.0,0.20666049434671604,0.19981483040148132,0.5935246752518026
70,1.5,0.18089577329490875,0.1852785782901057,0.6338256484149856
70,2.0,0.2906093224879451,0.2834250645365545,0.4259656129755005
70,2.5,0.22059005061103568,0.2172571287495371,0.5621528206394273
70,3.0,0.12383207070707072,0.11912878787878788,0.7570391414141414
70,3.5,0.12756909992912827,0.12525213978084282,0.7471787602900289
70,4.0,0.3166357452071738,0.3110698824984539,0.3722943722943723
70,4.5,0.2957,0.28884,0.41546000000000005
70,5.0,0.16693333333333332,0.16102222222222226,0.6720444444444444
70,5.5,0.16247272727272727,0.16021818181818182,0.6773090909090909
70,6.0,0.2189184991235272,0.20875585239754146,0.5723256484789314
70,8.5,0.2019779630126468,0.19849016106798897,0.5995318759193642
70,9.0,0.3134574172553377,0.303932851813636,0.3826097309310263
70,9.5,0.2683405936933085,0.2607258819315253,0.4709335243751661
70,12.5,0.1921090909090909,0.18834545454545454,0.6195454545454545
70,13.5,0.17586,0.17098,0.6531600000000001
70,14.5,0.21403687842545546,0.2079792309228482,0.5779838906516963
70,15.0,0.21394000000000002,0.207,0.57906
70,16.0,0.17428307123034228,0.16873265494912118,0.6569842738205366
70,16.5,0.15529881217520414,0.15529881217520414,0.6894023756495917
70,17.0,0.213,0.20825454545454544,0.5787454545454546
70,17.5,0.274368101247618,0.27296587926509186,0.4526660194872901
70,18.0,0.1335090909090909,0.12923636363636365,0.7372545454545455
70,18.5,0.18927924186362607,0.18547534546552896,0.625245412670845
70,19.0,0.26316666666666666,0.2515333333333333,0.4853
70,20.0,0.21468036479020125,0.2086892848425677,0.5766303503672309
80,0.01,0.2066742698467794,0.20860812217979868,0.584717607973422
80,0.04,0.23783598195016675,0.2283451049637041,0.5338189130861289
80,0.05,0.2564222222222222,0.2518222222222222,0.4917555555555556
80,0.06,0.1746007795800327,0.1681881051175657,0.6572111153024016
80,0.075,0.20903636363636366,0.20258181818181814,0.5883818181818182
80,0.1,0.2822879749443666,0.2785241352784417,0.4391878897771917
80,0.12,0.2333546263082895,0.2254926047860056,0.5411527689057049
80,0.15,0.10064,0.09813999999999999,0.8012199999999999
80,0.16,0.1719483799676388,0.17246142310272702,0.6555901969296342
80,0.175,0.2794705770329461,0.26356884402970865,0.4569605789373453
80,0.18,0.2024104252251272,0.2018935168811383,0.5956960578937345
80,0.2,0.26955,0.261425,0.469025
80,0.5,0.19494594594594594,0.1912162162162162,0.6138378378378379
80,1.0,0.1994726286860284,0.1951397657778108,0.6053876055361609
80,1.5,0.2278540507111936,0.21600494743351886,0.5561410018552876
80,2.0,0.2460616758939795,0.23822514643344297,0.5157131776725775
80,2.5,0.1718888888888889,0.16904444444444444,0.6590666666666667
80,3.0,0.24975463310432425,0.24568442930546736,0.5045609375902084
80,3.5,0.229220762526673,0.228038152042574,0.5427410854307531
80,4.0,0.1928888888888889,0.1875777777777778,0.6195333333333334
80,4.5,0.20903636363636366,0.20472727272727276,0.5862363636363637
80,5.0,0.18168350302258987,0.17653316894686605,0.6417833280305439
80,7.0,0.26580148799458914,0.2597480554616165,0.4744504565437944
80,8.0,0.2356181818181818,0.2321454545454545,0.5322363636363636
80,9.5,0.178825,0.182175,0.639
80,10.5,0.2783777777777778,0.2687111111111111,0.4529111111111111
80,11.0,0.2686507853512643,0.26651747432706585,0.4648317403216698
80,13.0,0.20852108450166384,0.2066881239430473,0.5847907915552889
80,14.0,0.16985,0.1666,0.66355
80,16.5,0.12425,0.1207,0.75505
80,17.5,0.2017145266313768,0.19613997282990586,0.6021455005387174
80,19.0,0.1997636363636364,0.19443636363636366,0.6058
80,20.0,0.2665818181818182,0.2633454545454545,0.4700727272727273
90,0.01,0.2362431215607804,0.2343046523261631,0.5294522261130565
90,0.02,0.23563361913482614,0.23152695690779435,0.5328394239573795
90,0.025,0.2384,0.2300909090909091,0.5315090909090909
90,0.04,0.19735237763455846,0.19541145146440392,0.6072361709010377
90,0.05,0.30956,0.30328,0.38716
90,0.06,0.2278262005027258,0.21940391081513397,0.5527698886821402
90,0.075,0.2009396276662563,0.1962917368037585,0.6027686355299852
90,0.08,0.3271823310067884,0.32440959938808683,0.3484080696051248
90,0.12,0.2330999688217454,0.23001048723108755,0.536889543947167
90,0.125,0.2294,0.2192,0.5514
90,0.14,0.20235411650187,0.19907526000307396,0.5985706234950561
90,0.16,0.34299999999999997,0.3122,0.3448
90,0.25,0.23241472345345926,0.2272542343847027,0.5403310421618379
90,0.5,0.2830166341088025,0.27514355058308176,0.4418398153081158
90,1.0,0.3207196029776675,0.3291976840363937,0.3500827129859388
90,1.5,0.21629932043099664,0.2148264902715692,0.5688741892974342
90,2.0,0.3268,0.3222,0.35100000000000003
90,2.5,0.17375921375921374,0.17366093366093366,0.6525798525798526
90,3.0,0.3347292850732875,0.3374214777146276,0.32784923721208503
90,4.0,0.2505024546143455,0.2485585318440908,0.5009390135415637
90,5.5,0.1536,0.14695,0.69945
90,7.0,0.1804,0.17285,0.64675
90,8.0,0.18162794441165425,0.1790792509524065,0.6392928046359393
90,8.5,0.1933111111111111,0.1872,0.6194888888888889
90,9.0,0.23805604885866505,0.2318332106091451,0.5301107405321899
90,10.5,0.08884448455158782,0.08600833655622878,0.8251471788921834
90,11.0,0.3248,0.3217333333333333,0.35346666666666665
90,11.5,0.3313,0.3203,0.3484
90,12.5,0.18517142857142854,0.17997142857142856,0.6348571428571429
90,13.5,0.21197142857142856,0.20911428571428567,0.5789142857142857
90,14.5,0.16270909090909091,0.15941818181818182,0.6778727272727273
90,15.0,0.15130226182316656,0.1477705429898713,0.7009271951869621
90,15.5,0.21162857142857144,0.20374285714285714,0.5846285714285714
90,16.5,0.317419685140151,0.3178036605657238,0.3647766542941252
90,19.0,0.3381,0.3298,0.3321
90,19.5,0.21918,0.21361999999999998,0.5672
90,20.0,0.2261091705333403,0.2171680308638757,0.556722798602784
100,0.01,0.1950962152556021,0.1934301502235304,0.6114736345208674
100,0.02,0.16914775346403102,0.16546001789636378,0.6653922286396052
100,0.025,0.1422,0.145,0.7128
100,0.04,0.19871351101880694,0.19331948771201107,0.6079670012691819
100,0.06,0.19327259985984585,0.190021023125438,0.6167063770147162
100,0.075,0.1696,0.16545,0.66495
100,0.08,0.23612473033928225,0.24014512649539124,0.5237301431653265
100,0.1,0.23386396526772796,0.22479498311625665,0.5413410516160154
100,0.12,0.24322640921831204,0.2332889782282495,0.5234846125534385
100,0.125,0.1765,0.1732,0.6503
100,0.14,0.2805734058329214,0.2760257043994068,0.4434008897676718
100,0.15,0.0779,0.0751,0.847
100,0.16,0.2584070796460177,0.2503951901641559,0.4911977301898264
100,0.175,0.14400000000000002,0.136,0.72
100,0.18,0.24143074319479105,0.2399391905458509,0.518630066259358
100,0.2,0.2554021850500213,0.2515110000805867,0.493086814869392
100,0.25,0.29548076540557744,0.28611210566097783,0.4184071289334447
100,0.5,0.1464,0.14388,0.70972
100,1.0,0.18498333333333333,0.18093333333333333,0.6340833333333333
100,2.0,0.25656,0.24778000000000003,0.49566000000000004
100,2.5,0.1472652293445232,0.13994899435682245,0.7127857762986544
100,4.0,0.2008499647374543,0.1947408431870014,0.6044091920755443
100,4.5,0.20705454545454546,0.20218181818181816,0.5907636363636364
100,5.5,0.2536642092329296,0.2497805862734773,0.4965552044935931
100,7.0,0.26852,0.25788,0.4736
100,7.5,0.3138,0.2946,0.3916
100,8.0,0.01705,0.0202,0.96275
100,9.0,0.2513,0.24805,0.50065
100,9.5,0.22345642540620386,0.21993106843919247,0.5566125061546037
100,11.0,0.12660312390837866,0.12775088577274316,0.7456459903188782
100,11.5,0.288556473419166,0.2808910719158542,0.43055245466497977
100,12.0,0.2289,0.22466,0.5464399999999999
100,13.5,0.2743,0.26836666666666664,0.4573333333333333
100,15.5,0.1121,0.1069,0.7809999999999999
100,16.0,0.3017,0.2925,0.4058
100,16.5,0.20572,0.19877999999999998,0.5955
100,18.0,0.2296939931998489,0.2346496588813085,0.5356563479188426
100,18.5,0.1829090909090909,0.1774,0.6396909090909091
100,19.0,0.16377777777777774,0.16126666666666667,0.6749555555555555
100,19.5,0.21386666666666668,0.20991666666666667,0.5762166666666667
110,0.01,0.1518904682092249,0.15112862149278422,0.6969809102979909
110,0.025,0.0178,0.0236,0.9586
110,0.04,0.2103,0.208275,0.581425
110,0.1,0.17647689216342935,0.168251841929002,0.6552712659075687
110,0.12,0.18429698170319056,0.1792890452929089,0.6364139730039006
110,0.14,0.16468235294117647,0.1637764705882353,0.6715411764705882
110,0.16,0.2614909090909091,0.2569090909090909,0.4816
110,0.25,0.2827779968454259,0.2717369873817035,0.44548501577287053
110,0.5,0.2290909090909091,0.22094545454545456,0.5499636363636363
110,3.0,0.29804,0.29688000000000003,0.40508
110,4.0,0.2694666666666667,0.26986666666666664,0.4606666666666666
110,5.0,0.19188,0.18862,0.6195
110,6.0,0.2396333333333333,0.22421666666666668,0.53615
110,6.5,0.17690971693226484,0.17069380541759346,0.6523964776501416
110,7.5,0.29216363636363635,0.28416363636363634,0.4236727272727273
110,9.0,0.2614,0.2524181818181818,0.4861818181818182
110,9.5,0.11641818181818182,0.11414545454545455,0.7694363636363636
110,10.0,0.239616,0.234936,0.5254479999999999
110,10.5,0.2285666666666667,0.22363333333333327,0.5478
110,11.0,0.2293454545454545,0.22274545454545452,0.5479090909090909
110,11.5,0.16218,0.1602,0.67762
110,12.0,0.15407272727272728,0.15356363636363635,0.6923636363636364
110,13.0,0.16775,0.16855,0.6637
110,14.0,0.15633183306055645,0.1517287234042553,0.6919394435351882
110,14.5,0.30635999999999997,0.29941999999999996,0.39421999999999996
110,15.5,0.2595697014175905,0.2575482508658761,0.4828820477165334
110,16.0,0.3007,0.2906,0.4087
110,17.0,0.24237251718869365,0.23583126432391135,0.5217962184873951
110,17.5,0.08653333333333334,0.09053333333333333,0.8229333333333333
110,18.5,0.13792727272727273,0.13678181818181814,0.7252909090909091
110,19.5,0.3142552908292293,0.3093304938107281,0.3764142153600426
120,0.02,0.2247205990179305,0.21874375097207105,0.5565356500099985
120,0.05,0.2222,0.2186,0.5592
120,0.06,0.20890719011733666,0.20213084934135567,0.5889619605413077
120,0.075,0.2614265781573718,0.26072893323749524,0.477844488605133
120,0.08,0.3008666666666667,0.3004333333333333,0.3987
120,0.1,0.2838116188381162,0.27677232276772323,0.4394160583941606
120,0.12,0.1668,0.16508,0.6681199999999999
120,0.125,0.2426,0.2366,0.5208
120,0.14,0.23795,0.237725,0.524325
120,0.15,0.03045,0.02745,0.9421
120,0.25,0.14276363636363634,0.1366181818181818,0.7206181818181818
120,1.0,0.3342862977333061,0.3230957729221973,0.34261792934449664
120,1.5,0.3303,0.3303,0.3394
120,2.5,0.18645,0.1888,0.62475
120,3.0,0.1439,0.1459,0.7102
120,5.0,0.15941818181818182,0.15535454545454547,0.6852272727272727
120,5.5,0.2252727272727273,0.21765454545454546,0.5570727272727273
120,7.5,0.2901818181818182,0.2840909090909091,0.4257272727272727
120,8.0,0.20597142857142856,0.20494285714285715,0.5890857142857143
120,8.5,0.165,0.1582,0.6768
120,9.5,0.22868000000000002,0.21721999999999997,0.5541
120,10.0,0.21773333333333333,0.20573333333333327,0.5765333333333333
120,10.5,0.111,0.10965,0.77935
120,11.5,0.2747636363636364,0.2670181818181818,0.4582181818181818
120,12.0,0.1104,0.1086,0.7809999999999999
120,13.5,0.1563090909090909,0.1495090909090909,0.6941818181818182
120,14.0,0.26793333333333336,0.2656444444444445,0.4664222222222222
120,14.5,0.2789586720459244,0.26775857570100964,0.453282752253066
120,15.5,0.18682,0.18525999999999998,0.62792
120,16.0,0.2979025950942055,0.30678990401706363,0.3953075008887309
120,16.5,0.28292,0.2677,0.44938
120,18.0,0.2958,0.29,0.4142
120,20.0,0.2601,0.25585,0.48405
130,0.02,0.009594243453927644,0.013391964821107336,0.9770137917249649
130,0.04,0.2408925969313409,0.2348257569263884,0.5242816461422707
130,0.05,0.2264440222644402,0.22201113222011126,0.5515448455154485
130,0.06,0.20198012319087028,0.20118656237010168,0.5968333144390281
130,0.075,0.2391,0.235675,0.525225
130,0.12,0.2651777777777778,0.259,0.4758222222222222
130,0.125,0.261209778037923,0.25666579381093946,0.4821244281511376
130,0.14,0.23605454545454546,0.2295818181818182,0.5343636363636364
130,0.15,0.21875,0.2121333333333333,0.5691166666666667
130,0.175,0.15018962524908402,0.1484219322491483,0.7013884425017677
130,0.18,0.15849901682324666,0.15410749399169762,0.6873934891850557
130,0.5,0.21840754359777187,0.21503986602104344,0.5665525903811847
130,1.0,0.3096166341780377,0.3097558711593799,0.3806274946625824
130,1.5,0.22905,0.222425,0.548525
130,2.5,0.2853493073383686,0.28052486016544503,0.4341258324961863
130,4.0,0.24253714987068775,0.2356989435847981,0.5217639065445141
130,4.5,0.2830315882374573,0.2742427771172209,0.4427256346453218
130,5.0,0.2279197772997596,0.2199955713020372,0.5520846513982032
130,5.5,0.2879833333333333,0.2823,0.4297166666666667
130,6.0,0.1638,0.1662,0.67
130,6.5,0.21866,0.21398000000000003,0.5673600000000001
130,7.5,0.1703903816199377,0.16873539719626168,0.6608742211838006
130,8.5,0.281,0.2769333333333333,0.44206666666666666
130,9.0,0.2812445755945148,0.2820907828501996,0.4366646415552856
130,9.5,0.3054,0.2953,0.3993
130,11.5,0.308362115094615,0.3022814613027193,0.38935642360266576
130,12.5,0.2580833333333333,0.25045,0.4914666666666666
130,13.0,0.2422529214174197,0.24187443818895776,0.5158726403936226
130,13.5,0.2100542749623219,0.2025001618078093,0.5874455632298689
130,14.0,0.2616618605665544,0.2609833523154094,0.4773547871180362
130,15.0,0.15787272727272728,0.1553090909090909,0.6868181818181818
130,15.5,0.2059,0.20091666666666666,0.5931833333333333
130,16.0,0.23988,0.2359,0.52422
130,18.0,0.2485739602370272,0.2443373760868361,0.5070886636761367
130,18.5,0.3091090909090909,0.3039272727272727,0.3869636363636363
130,19.0,0.21459787729156024,0.2136784153470685,0.5717237073613712
140,0.01,0.31763532052881016,0.3120728361187329,0.37029184335245696
140,0.025,0.1828,0.1812,0.636
140,0.04,0.2598666666666667,0.2619333333333333,0.4782
140,0.06,0.1714,0.1626,0.6659999999999999
140,0.125,0.2342,0.23341666666666666,0.5323833333333333
140,0.14,0.21454,0.21036,0.5751
140,0.18,0.1564909090909091,0.15058181818181818,0.6929272727272727
140,3.5,0.18907133487130773,0.185117835979554,0.6258108291491383
140,5.0,0.3151111111111111,0.30591111111111113,0.3789777777777778
140,5.5,0.14695999999999998,0.13652,0.7165199999999999
140,6.0,0.3189968470961997,0.3085032130737202,0.3724999398300802
140,6.5,0.1596240983245361,0.1588289953922348,0.6815469062832291
140,7.0,0.22941999999999999,0.2209,0.5496800000000001
140,7.5,0.0622,0.06078181818181817,0.8770181818181818
140,8.5,0.20326666666666668,0.19793333333333327,0.5988
140,9.0,0.18510909090909086,0.1799090909090909,0.6349818181818182
140,10.5,0.3294666666666667,0.3195333333333333,0.35100000000000003
140,12.0,0.14487870619946092,0.14187896704634378,0.7132423267541953
140,12.5,0.08774115928328965,0.08559274695999658,0.8266660937567137
140,13.5,0.2356606386103302,0.2314437964167331,0.5328955649729367
140,14.5,0.20654285714285714,0.20145714285714286,0.5920000000000001
140,15.0,0.2331090909090909,0.2219636363636364,0.5449272727272727
140,15.5,0.28865,0.28375,0.4276
140,16.5,0.25895999999999997,0.25386,0.48718
140,17.5,0.18012741764991572,0.17487072536639714,0.6450018569836871
140,19.0,0.3368,0.33405,0.32915
140,19.5,0.2683,0.25655,0.47515
150,0.01,0.15534694181351294,0.15046240300701513,0.6941906551794719
150,0.02,0.2774355674052282,0.2726548374245349,0.4499095951702369
150,0.075,0.2301333333333333,0.2242,0.5456666666666666
150,0.1,0.1937,0.18438,0.62192
150,0.125,0.2508,0.2412,0.508
150,0.14,0.2461333333333333,0.2452,0.5086666666666667
150,0.15,0.27925,0.2836,0.43715
150,0.16,0.33299999999999996,0.3306,0.3364
150,0.175,0.3309485216030406,0.31904309429322003,0.3500083841037393
150,0.18,0.24543478260869564,0.2403739130434783,0.5141913043478261
150,0.2,0.2624,0.25894,0.47866000000000003
150,1.5,0.18961318909424774,0.182467765757854,0.6279190451478983
150,2.0,0.2828,0.27846666666666664,0.4387333333333333
150,2.5,0.16329776915615907,0.16120271580989332,0.6754995150339477
150,4.0,0.1827978807349792,0.18133243151843084,0.6358696877465899
150,4.5,0.17586340706247575,0.17303065580131938,0.6511059371362049
150,5.5,0.17629090909090908,0.17401818181818182,0.6496909090909091
150,6.0,0.2363166666666667,0.23395,0.5297333333333333
150,6.5,0.21365454545454546,0.2105636363636364,0.5757818181818182
150,7.0,0.12026365904912005,0.11658622274757025,0.7631501182033097
150,7.5,0.3145,0.29715,0.38835
150,8.0,0.1989922994310262,0.19697004318716724,0.6040376573818066
150,8.5,0.0154,0.0139,0.9707
150,9.5,0.21258000000000002,0.2048,0.58262
150,10.0,0.21082469297706374,0.207942297446826,0.5812330095761102
150,10.5,0.1439111111111111,0.13524444444444444,0.7208444444444444
150,11.5,0.21704,0.21206,0.5709
150,13.0,0.20135,0.19946666666666665,0.5991833333333333
150,15.0,0.3154666666666667,0.3045555555555556,0.3799777777777778
150,15.5,0.0042,0.0052,0.9906
150,16.0,0.16155502531571905,0.15744243341286931,0.6810025412714117
150,17.5,0.27311111111111114,0.2627111111111111,0.4641777777777778
150,19.0,0.1277,0.12503333333333333,0.7472666666666666
150,20.0,0.2570363636363636,0.2456727272727273,0.4972909090909091
160,0.01,0.17332,0.1689,0.65778
160,0.02,0.1953,0.1902,0.6145
160,0.04,0.19296,0.19255999999999998,0.61448
160,0.06,0.22941834328044206,0.2254431907519571,0.5451384659676008
160,0.08,0.086925,0.092475,0.8206
160,0.12,0.2337944438093061,0.2271864639304905,0.5390190922602035
160,0.5,0.21777524741681098,0.21613993434520853,0.5660848182379804
160,2.0,0.2413662990878133,0.2377062324896943,0.5209274684224924
160,2.5,0.1264,0.12605,0.74755
160,4.0,0.24255,0.2395666666666667,0.5178833333333334
160,4.5,0.2514573396926338,0.2436217730335377,0.5049208872738284
160,5.0,0.2341583745235689,0.23271169308096776,0.5331299323954634
160,5.5,0.1807663410969196,0.17849361382419235,0.6407400450788879
160,7.0,0.3249142857142857,0.3152285714285714,0.3598571428571429
160,7.5,0.2973333333333333,0.2926888888888889,0.4099777777777778
160,8.5,0.2693526482571299,0.2629017655047533,0.4677455862381168
160,9.5,0.2929131875970293,0.2855494482440314,0.4215373641589393
160,11.0,0.10601238603130914,0.1076466540512644,0.7863409599174265
160,11.5,0.3360666666666667,0.33224444444444445,0.3316888888888889
160,12.0,0.2315636363636364,0.22414545454545454,0.5442909090909089
160,13.0,0.31425454545454545,0.3026727272727273,0.3830727272727273
160,13.5,0.1935961207926878,0.19094396321127335,0.6154599159960389
160,14.5,0.23888618256674574,0.2345333689520248,0.5265804484812294
160,15.0,0.17550171903733908,0.16990485328216198,0.6545934276804989
160,17.0,0.1199315039533212,0.1176905839076572,0.7623779121390216
160,18.0,0.2310909090909091,0.2287272727272727,0.5401818181818182
160,18.5,0.1774,0.17295,0.64965
160,19.0,0.2138784740820092,0.20657025531155151,0.5795512706064393
160,19.5,0.07935,0.0811,0.83955
160,20.0,0.16213012139605462,0.15862101669195752,0.6792488619119879
170,0.02,0.2697636363636364,0.2635818181818182,0.4666545454545454
170,0.06,0.2132355969196557,0.20417576082032696,0.5825886422600173
170,0.08,0.23025,0.228625,0.541125
170,0.1,0.18946666666666667,0.1842888888888889,0.6262444444444445
170,0.12,0.2598437717397786,0.2533640754506967,0.4867921528095248
170,0.14,0.15539146741678386,0.15185185185185185,0.6927566807313643
170,0.16,0.18728750386356613,0.18406938055671715,0.6286431155797167
170,0.18,0.2825,0.2729,0.4446
170,0.2,0.19903636363636365,0.19583636363636364,0.6051272727272727
170,1.5,0.1641489100224991,0.16256073812179767,0.6732903518557032
170,2.0,0.10765,0.10525,0.7871
170,2.5,0.033188350983358546,0.02997352496217852,0.9368381240544631
170,3.0,0.1413,0.13656666666666667,0.7221333333333333
170,4.5,0.263425,0.2565,0.480075
170,5.0,0.18854545454545452,0.18685454545454547,0.6246
170,5.5,0.2903301701827308,0.2818210336444201,0.4278487961728492
170,6.0,0.2725818181818182,0.2702,0.4572181818181818
170,6.5,0.005598320503848845,0.004598620413875838,0.9898030590822752
170,7.0,0.171,0.17105,0.65795
170,7.5,0.2815714285714286,0.27285714285714285,0.44557142857142856
170,8.0,0.19593333333333326,0.19453333333333334,0.6095333333333334
170,8.5,0.229675,0.2301375,0.5401875
170,9.5,0.14735,0.1425,0.71015
170,10.0,0.26524748269744897,0.2582764910176649,0.4764760262848862
170,10.5,0.15122,0.14922,0.6995600000000001
170,11.0,0.0007,0.0011,0.9982
170,12.5,0.3367,0.3341,0.3292
170,13.0,0.1387142857142857,0.14045714285714286,0.7208285714285714
170,14.0,0.2301333333333333,0.2305333333333333,0.5393333333333333
170,14.5,0.2404606393949811,0.2273117909934685,0.5322275696115504
170,15.0,0.17271666666666666,0.16798333333333335,0.6593
170,16.0,0.20360243733678549,0.19873669173939248,0.597660870923822
170,17.0,0.25584,0.24884,0.49532
170,17.5,0.29265,0.2862666666666667,0.4210833333333333
170,18.5,0.2064181818181818,0.20278181818181815,0.5908
170,20.0,0.2992,0.30316666666666664,0.3976333333333333
180,0.01,0.256075,0.25005,0.493875
180,0.02,0.3247,0.3259,0.3494
180,0.04,0.2924984170360249,0.2795014496617456,0.4280001333022295
180,0.06,0.3045390921815637,0.30920482570152635,0.3862560821169099
180,0.075,0.17376363636363634,0.17,0.6562363636363636
180,0.1,0.1822513996267662,0.17395361237003465,0.6437949880031991
180,0.12,0.20669731182266496,0.2006634315356373,0.5926392566416978
180,0.14,0.14765932769412282,0.14313996040554322,0.7092007119003341
180,0.15,0.2778571428571429,0.27422857142857143,0.4479142857142857
180,0.175,0.32436845964140504,0.3287675798173699,0.3468639605412251
180,0.18,0.26280423174609524,0.2597044177349359,0.4774913505189689
180,0.25,0.28530489836721096,0.28043985338220595,0.4342552482505832
180,0.5,0.2911818181818182,0.28245454545454546,0.4263636363636364
180,1.5,0.15685019206145967,0.15221355682303184,0.6909362511155085
180,2.0,0.153406174378529,0.14515655936056318,0.7014372662609079
180,3.5,0.003,0.0028,0.9942
180,4.0,0.24345999999999998,0.23974,0.5168
180,5.0,0.30929643777205296,0.2991471972994581,0.39155636492848894
180,6.0,0.2532736375890622,0.24915751973810896,0.4975688426728288
180,6.5,0.16439317647776866,0.1608329010141699,0.6747739225080615
180,7.5,0.24905,0.2502,0.50075
180,9.0,0.1424,0.136,0.7216
180,11.5,0.2386666666666667,0.2401111111111111,0.5212222222222223
180,12.0,0.3033090909090909,0.2958181818181818,0.4008727272727273
180,12.5,0.28014,0.27552,0.44433999999999996
180,15.0,0.1965,0.19615,0.60735
180,16.5,0.18953333333333333,0.18466666666666667,0.6258
180,17.0,0.25024,0.24444000000000002,0.50532
180,18.0,0.2736363636363636,0.2654,0.4609636363636364
180,18.5,0.23341070910430106,0.2318817936298909,0.5347074972658081
180,19.0,0.2615,0.24855,0.48995
180,19.5,0.24646062293036425,0.24442098190718434,0.5091183951624514
180,20.0,0.19832444454040984,0.1945674000820504,0.6071081553775398
190,0.01,0.17946666666666666,0.1791,0.6414333333333333
190,0.02,0.2893777777777778,0.2784,0.43222222222222223
190,0.1,0.17429530457336842,0.1709959186787199,0.6547087767479116
190,0.14,0.20753333333333326,0.20378333333333332,0.5886833333333333
190,0.2,0.14661253826700385,0.14355117795820574,0.7098362837747904
190,0.5,0.18051666666666666,0.17555,0.6439333333333334
190,1.5,0.2331289836033669,0.22994210090984285,0.5369289154867902
190,3.5,0.2149111111111111,0.21226666666666666,0.5728222222222222
190,5.5,0.13028333333333333,0.1289,0.7408166666666667
190,7.0,0.22885454545454545,0.2267818181818182,0.5443636363636364
190,7.5,0.2211601605253557,0.2158649085318184,0.5629749309428259
190,8.0,0.16266,0.15728,0.68006
190,8.5,0.16220669129175413,0.1592569955621695,0.6785363131460763
190,9.0,0.1574,0.1589,0.6837
190,10.0,0.11669508556117167,0.11357408196821145,0.7697308324706169
190,10.5,0.27,0.26321666666666665,0.4667833333333333
190,11.0,0.15914285714285714,0.15374285714285715,0.6871142857142857
190,11.5,0.1918,0.1853,0.6229
190,15.0,0.24055140723722,0.2331227264024507,0.5263258663603293
190,15.5,0.22102105263157892,0.21978947368421053,0.5591894736842106
190,17.5,0.3169272341246864,0.3053740314886812,0.3776987343866325
190,18.0,0.2639,0.259,0.4771
190,18.5,0.3295,0.33299999999999996,0.3375
190,19.0,0.2927481155123092,0.279739408239544,0.4275124762481468
190,19.5,0.17685454545454546,0.17381818181818182,0.6493272727272728
190,20.0,0.2796,0.2717,0.4487
200,0.01,0.2400008863480245,0.2348268297547032,0.5251722838972722
